BRW 1980 1 1 0 0 0 342.01 0.47 25 71.323 -156.611 27.46 11.0 16.46 ...
BRW 1980 2 1 0 0 0 342.41 0.79 26 71.323 -156.611 27.46 11.0 16.46 ...
BRW 1980 3 1 0 0 0 343.33 0.84 23 71.323 -156.611 27.46 11.0 16.46 ...
BRW 1980 4 1 0 0 0 343.37 0.08 3 71.323 -156.611 27.46 11.0 16.46 ...
BRW 1980 5 1 0 0 0 343.21 0.46 16 71.323 -156.611 27.46 11.0 16.46 ...
BRW 1980 6 1 0 0 0 342.87 1.09 15 71.323 -156.611 27.46 11.0 16.46 ...
BRW 1980 7 1 0 0 0 337.49 1.67 19 71.323 -156.611 27.46 11.0 16.46 ...
BRW 1980 8 1 0 0 0 332.07 1.76 15 71.323 -156.611 27.46 11.0 16.46 ...
BRW 1980 9 1 0 0 0 331.55 1.03 13 71.323 -156.611 27.46 11.0 16.46 ...
BRW 1980 10 1 0 0 0 338.49 2.38 19 71.323 -156.611 27.46 11.0 16.46 ...
BRW 1980 11 1 0 0 0 340.52 0.67 30 71.323 -156.611 27.46 11.0 16.46 ...
BRW 1980 12 1 0 0 0 343.46 1.43 27 71.323 -156.611 27.46 11.0 16.46 ...
BRW 1981 1 1 0 0 0 344.33 0.83 31 71.323 -156.611 27.46 11.0 16.46 ...
BRW 1981 2 1 0 0 0 345.58 0.91 26 71.323 -156.611 27.46 11.0 16.46 ...
BRW 1981 3 1 0 0 0 344.64 0.46 30 71.323 -156.611 27.46 11.0 16.46 ...
BRW 1981 4 1 0 0 0 345.9 0.76 29 71.323 -156.611 27.46 11.0 16.46 ...
BRW 1981 5 1 0 0 0 346.91 0.63 30 71.323 -156.611 27.46 11.0 16.46 ...
BRW 1981 6 1 0 0 0 344.51 1.41 29 71.323 -156.611 27.46 11.0 16.46 ...
BRW 1981 7 1 0 0 0 338.27 3.49 21 71.323 -156.611 27.46 11.0 16.46 ...
BRW 1981 8 1 0 0 0 332.17 0.79 30 71.323 -156.611 27.46 11.0 16.46 ...
BRW 1981 9 1 0 0 0 333.89 1.63 28 71.323 -156.611 27.46 11.0 16.46 ...
BRW 1981 10 1 0 0 0 339.24 2.31 28 71.323 -156.611 27.46 11.0 16.46 ...
BRW 1981 11 1 0 0 0 342.54 1.17 27 71.323 -156.611 27.46 11.0 16.46 ...
BRW 1981 12 1 0 0 0 345.02 0.7 24 71.323 -156.611 27.46 11.0 16.46 ...
BRW 1982 1 1 0 0 0 346.0 1.35 20 71.323 -156.611 27.46 11.0 16.46 ...
BRW 1982 2 1 0 0 0 347.66 1.94 23 71.323 -156.611 27.46 11.0 16.46 ...
BRW 1982 3 1 0 0 0 348.33 0.85 30 71.323 -156.611 27.46 11.0 16.46 ...
BRW 1982 4 1 0 0 0 348.3 0.42 28 71.323 -156.611 27.46 11.0 16.46 ...
BRW 1982 5 1 0 0 0 348.18 0.38 29 71.323 -156.611 27.46 11.0 16.46 ...
BRW 1982 6 1 0 0 0 346.03 1.39 27 71.323 -156.611 27.46 11.0 16.46 ...
BRW 1982 7 1 0 0 0 339.15 2.16 30 71.323 -156.611 27.46 11.0 16.46 ...
BRW 1982 8 1 0 0 0 333.27 1.31 23 71.323 -156.611 27.46 11.0 16.46 ...
BRW 1982 9 1 0 0 0 333.49 1.45 25 71.323 -156.611 27.46 11.0 16.46 ...
BRW 1982 10 1 0 0 0 337.97 1.94 27 71.323 -156.611 27.46 11.0 16.46 ...
BRW 1982 11 1 0 0 0 342.23 1.25 30 71.323 -156.611 27.46 11.0 16.46 ...
BRW 1982 12 1 0 0 0 344.71 1.22 31 71.323 -156.611 27.46 11.0 16.46 ...
BRW 1983 1 1 0 0 0 347.14 0.82 25 71.323 -156.611 27.46 11.0 16.46 ...
BRW 1983 2 1 0 0 0 347.13 1.27 28 71.323 -156.611 27.46 11.0 16.46 ...
BRW 1983 3 1 0 0 0 348.31 1.08 31 71.323 -156.611 27.46 11.0 16.46 ...
BRW 1983 4 1 0 0 0 348.33 0.44 29 71.323 -156.611 27.46 11.0 16.46 ...
BRW 1983 5 1 0 0 0 348.49 0.31 31 71.323 -156.611 27.46 11.0 16.46 ...
BRW 1983 6 1 0 0 0 347.03 1.43 29 71.323 -156.611 27.46 11.0 16.46 ...
BRW 1983 7 1 0 0 0 340.81 2.44 29 71.323 -156.611 27.46 11.0 16.46 ...
BRW 1983 8 1 0 0 0 333.72 1.51 28 71.323 -156.611 27.46 11.0 16.46 ...
BRW 1983 9 1 0 0 0 335.33 2.17 29 71.323 -156.611 27.46 11.0 16.46 ...
BRW 1983 10 1 0 0 0 340.56 2.07 27 71.323 -156.611 27.46 11.0 16.46 ...
BRW 1983 11 1 0 0 0 346.68 1.05 30 71.323 -156.611 27.46 11.0 16.46 ...
BRW 1983 12 1 0 0 0 346.75 1.7 24 71.323 -156.611 27.46 11.0 16.46 ...
BRW 1984 1 1 0 0 0 350.81 1.74 20 71.323 -156.611 27.46 11.0 16.46 ...
BRW 1984 2 1 0 0 0 350.99 0.84 29 71.323 -156.611 27.46 11.0 16.46 ...
BRW 1984 3 1 0 0 0 350.2 0.48 30 71.323 -156.611 27.46 11.0 16.46 ...
BRW 1984 4 1 0 0 0 349.98 0.21 30 71.323 -156.611 27.46 11.0 16.46 ...
BRW 1984 5 1 0 0 0 350.86 0.43 31 71.323 -156.611 27.46 11.0 16.46 ...
BRW 1984 6 1 0 0 0 348.55 1.22 28 71.323 -156.611 27.46 11.0 16.46 ...
BRW 1984 7 1 0 0 0 341.95 2.85 25 71.323 -156.611 27.46 11.0 16.46 ...
BRW 1984 8 1 0 0 0 335.65 1.09 22 71.323 -156.611 27.46 11.0 16.46 ...
BRW 1984 9 1 0 0 0 338.13 2.25 24 71.323 -156.611 27.46 11.0 16.46 ...
BRW 1984 10 1 0 0 0 341.7 2.11 27 71.323 -156.611 27.46 11.0 16.46 ...
BRW 1984 11 1 0 0 0 345.05 0.29 27 71.323 -156.611 27.46 11.0 16.46 ...
BRW 1984 12 1 0 0 0 348.68 1.32 31 71.323 -156.611 27.46 11.0 16.46 ...
BRW 1985 1 1 0 0 0 349.79 0.74 30 71.323 -156.611 27.46 11.0 16.46 ...
BRW 1985 2 1 0 0 0 349.62 0.54 26 71.323 -156.611 27.46 11.0 16.46 ...
BRW 1985 3 1 0 0 0 350.7 0.49 29 71.323 -156.611 27.46 11.0 16.46 ...
BRW 1985 4 1 0 0 0 351.66 0.48 29 71.323 -156.611 27.46 11.0 16.46 ...
BRW 1985 5 1 0 0 0 352.62 0.5 30 71.323 -156.611 27.46 11.0 16.46 ...
BRW 1985 6 1 0 0 0 350.07 1.0 30 71.323 -156.611 27.46 11.0 16.46 ...
BRW 1985 7 1 0 0 0 343.88 2.17 28 71.323 -156.611 27.46 11.0 16.46 ...
BRW 1985 8 1 0 0 0 337.91 0.79 28 71.323 -156.611 27.46 11.0 16.46 ...
BRW 1985 9 1 0 0 0 338.34 2.07 28 71.323 -156.611 27.46 11.0 16.46 ...
BRW 1985 10 1 0 0 0 343.33 1.92 30 71.323 -156.611 27.46 11.0 16.46 ...
BRW 1985 11 1 0 0 0 347.08 1.05 23 71.323 -156.611 27.46 11.0 16.46 ...
BRW 1985 12 1 0 0 0 349.62 2.27 29 71.323 -156.611 27.46 11.0 16.46 ...
BRW 1986 1 1 0 0 0 350.26 0.82 30 71.323 -156.611 27.46 11.0 16.46 ...
BRW 1986 2 1 0 0 0 351.83 0.71 27 71.323 -156.611 27.46 11.0 16.46 ...
BRW 1986 3 1 0 0 0 353.69 1.0 26 71.323 -156.611 27.46 11.0 16.46 ...
BRW 1986 4 1 0 0 0 353.22 0.39 29 71.323 -156.611 27.46 11.0 16.46 ...
BRW 1986 5 1 0 0 0 353.51 0.44 31 71.323 -156.611 27.46 11.0 16.46 ...
BRW 1986 6 1 0 0 0 351.77 1.73 29 71.323 -156.611 27.46 11.0 16.46 ...
BRW 1986 7 1 0 0 0 345.4 2.78 25 71.323 -156.611 27.46 11.0 16.46 ...
BRW 1986 8 1 0 0 0 339.72 1.44 27 71.323 -156.611 27.46 11.0 16.46 ...
BRW 1986 9 1 0 0 0 340.78 2.16 20 71.323 -156.611 27.46 11.0 16.46 ...
BRW 1986 10 1 0 0 0 344.82 2.28 21 71.323 -156.611 27.46 11.0 16.46 ...
BRW 1986 11 1 0 0 0 348.69 1.07 29 71.323 -156.611 27.46 11.0 16.46 ...
BRW 1986 12 1 0 0 0 351.17 1.17 30 71.323 -156.611 27.46 11.0 16.46 ...
BRW 1987 1 1 0 0 0 352.57 1.05 27 71.323 -156.611 27.46 11.0 16.46 ...
BRW 1987 2 1 0 0 0 352.92 0.65 28 71.323 -156.611 27.46 11.0 16.46 ...
BRW 1987 3 1 0 0 0 354.15 0.87 31 71.323 -156.611 27.46 11.0 16.46 ...
BRW 1987 4 1 0 0 0 354.08 0.46 25 71.323 -156.611 27.46 11.0 16.46 ...
BRW 1987 5 1 0 0 0 354.66 0.6 31 71.323 -156.611 27.46 11.0 16.46 ...
BRW 1987 6 1 0 0 0 352.38 1.21 30 71.323 -156.611 27.46 11.0 16.46 ...
BRW 1987 7 1 0 0 0 346.87 3.15 28 71.323 -156.611 27.46 11.0 16.46 ...
BRW 1987 8 1 0 0 0 340.71 1.49 26 71.323 -156.611 27.46 11.0 16.46 ...
BRW 1987 9 1 0 0 0 340.59 1.04 25 71.323 -156.611 27.46 11.0 16.46 ...
BRW 1987 10 1 0 0 0 347.72 2.84 27 71.323 -156.611 27.46 11.0 16.46 ...
BRW 1987 11 1 0 0 0 349.73 1.19 30 71.323 -156.611 27.46 11.0 16.46 ...
BRW 1987 12 1 0 0 0 352.86 1.23 28 71.323 -156.611 27.46 11.0 16.46 ...
BRW 1988 1 1 0 0 0 354.89 1.2 28 71.323 -156.611 27.46 11.0 16.46 ...
BRW 1988 2 1 0 0 0 356.39 0.97 29 71.323 -156.611 27.46 11.0 16.46 ...
BRW 1988 3 1 0 0 0 356.57 0.67 30 71.323 -156.611 27.46 11.0 16.46 ...
BRW 1988 4 1 0 0 0 357.53 0.45 30 71.323 -156.611 27.46 11.0 16.46 ...
BRW 1988 5 1 0 0 0 356.75 0.81 31 71.323 -156.611 27.46 11.0 16.46 ...
BRW 1988 6 1 0 0 0 355.42 1.15 28 71.323 -156.611 27.46 11.0 16.46 ...
BRW 1988 7 1 0 0 0 348.84 2.07 23 71.323 -156.611 27.46 11.0 16.46 ...
BRW 1988 8 1 0 0 0 343.1 1.54 26 71.323 -156.611 27.46 11.0 16.46 ...
BRW 1988 9 1 0 0 0 345.47 1.37 23 71.323 -156.611 27.46 11.0 16.46 ...
BRW 1988 10 1 0 0 0 350.33 1.54 24 71.323 -156.611 27.46 11.0 16.46 ...
BRW 1988 11 1 0 0 0 354.71 2.06 26 71.323 -156.611 27.46 11.0 16.46 ...
BRW 1988 12 1 0 0 0 357.96 1.07 24 71.323 -156.611 27.46 11.0 16.46 ...
BRW 1989 1 1 0 0 0 361.17 1.69 15 71.323 -156.611 27.46 11.0 16.46 ...
BRW 1989 2 1 0 0 0 358.2 1.92 21 71.323 -156.611 27.46 11.0 16.46 ...
BRW 1989 3 1 0 0 0 359.42 1.11 20 71.323 -156.611 27.46 11.0 16.46 ...
BRW 1989 4 1 0 0 0 359.61 0.51 30 71.323 -156.611 27.46 11.0 16.46 ...
BRW 1989 5 1 0 0 0 359.2 0.46 31 71.323 -156.611 27.46 11.0 16.46 ...
BRW 1989 6 1 0 0 0 357.61 1.69 29 71.323 -156.611 27.46 11.0 16.46 ...
BRW 1989 7 1 0 0 0 350.88 3.06 16 71.323 -156.611 27.46 11.0 16.46 ...
BRW 1989 8 1 0 0 0 344.39 1.06 21 71.323 -156.611 27.46 11.0 16.46 ...
BRW 1989 9 1 0 0 0 346.18 2.27 28 71.323 -156.611 27.46 11.0 16.46 ...
BRW 1989 10 1 0 0 0 351.42 1.33 28 71.323 -156.611 27.46 11.0 16.46 ...
BRW 1989 11 1 0 0 0 355.45 2.25 15 71.323 -156.611 27.46 11.0 16.46 ...
BRW 1989 12 1 0 0 0 358.49 1.07 31 71.323 -156.611 27.46 11.0 16.46 ...
BRW 1990 1 1 0 0 0 359.9 0.9 27 71.323 -156.611 27.46 11.0 16.46 ...
BRW 1990 2 1 0 0 0 359.88 0.88 21 71.323 -156.611 27.46 11.0 16.46 ...
BRW 1990 3 1 0 0 0 361.37 1.16 31 71.323 -156.611 27.46 11.0 16.46 ...
BRW 1990 4 1 0 0 0 361.08 0.43 30 71.323 -156.611 27.46 11.0 16.46 ...
BRW 1990 5 1 0 0 0 360.49 0.77 30 71.323 -156.611 27.46 11.0 16.46 ...
BRW 1990 6 1 0 0 0 356.96 2.22 29 71.323 -156.611 27.46 11.0 16.46 ...
BRW 1990 7 1 0 0 0 350.31 2.91 22 71.323 -156.611 27.46 11.0 16.46 ...
BRW 1990 8 1 0 0 0 346.02 0.89 30 71.323 -156.611 27.46 11.0 16.46 ...
BRW 1990 9 1 0 0 0 346.54 0.75 27 71.323 -156.611 27.46 11.0 16.46 ...
BRW 1990 10 1 0 0 0 352.14 2.62 24 71.323 -156.611 27.46 11.0 16.46 ...
BRW 1990 11 1 0 0 0 357.02 1.67 26 71.323 -156.611 27.46 11.0 16.46 ...
BRW 1990 12 1 0 0 0 359.26 1.5 28 71.323 -156.611 27.46 11.0 16.46 ...
BRW 1991 1 1 0 0 0 361.31 1.39 23 71.323 -156.611 27.46 11.0 16.46 ...
BRW 1991 2 1 0 0 0 362.19 2.77 24 71.323 -156.611 27.46 11.0 16.46 ...
BRW 1991 3 1 0 0 0 361.49 0.66 27 71.323 -156.611 27.46 11.0 16.46 ...
BRW 1991 4 1 0 0 0 361.96 0.43 30 71.323 -156.611 27.46 11.0 16.46 ...
BRW 1991 5 1 0 0 0 361.76 0.54 31 71.323 -156.611 27.46 11.0 16.46 ...
BRW 1991 6 1 0 0 0 359.58 1.78 29 71.323 -156.611 27.46 11.0 16.46 ...
BRW 1991 7 1 0 0 0 353.81 2.93 27 71.323 -156.611 27.46 11.0 16.46 ...
BRW 1991 8 1 0 0 0 347.69 1.2 26 71.323 -156.611 27.46 11.0 16.46 ...
BRW 1991 9 1 0 0 0 348.58 1.71 25 71.323 -156.611 27.46 11.0 16.46 ...
BRW 1991 10 1 0 0 0 355.31 3.55 24 71.323 -156.611 27.46 11.0 16.46 ...
BRW 1991 11 1 0 0 0 358.53 1.29 30 71.323 -156.611 27.46 11.0 16.46 ...
BRW 1991 12 1 0 0 0 360.75 1.32 28 71.323 -156.611 27.46 11.0 16.46 ...
BRW 1992 1 1 0 0 0 361.67 0.8 31 71.323 -156.611 27.46 11.0 16.46 ...
BRW 1992 2 1 0 0 0 362.16 0.83 28 71.323 -156.611 27.46 11.0 16.46 ...
BRW 1992 3 1 0 0 0 362.64 0.42 30 71.323 -156.611 27.46 11.0 16.46 ...
BRW 1992 4 1 0 0 0 362.7 0.32 30 71.323 -156.611 27.46 11.0 16.46 ...
BRW 1992 5 1 0 0 0 362.86 0.88 31 71.323 -156.611 27.46 11.0 16.46 ...
BRW 1992 6 1 0 0 0 360.45 1.66 30 71.323 -156.611 27.46 11.0 16.46 ...
BRW 1992 7 1 0 0 0 353.12 3.02 31 71.323 -156.611 27.46 11.0 16.46 ...
BRW 1992 8 1 0 0 0 347.24 1.44 28 71.323 -156.611 27.46 11.0 16.46 ...
BRW 1992 9 1 0 0 0 347.91 1.45 29 71.323 -156.611 27.46 11.0 16.46 ...
BRW 1992 10 1 0 0 0 353.8 1.54 29 71.323 -156.611 27.46 11.0 16.46 ...
BRW 1992 11 1 0 0 0 357.46 1.01 30 71.323 -156.611 27.46 11.0 16.46 ...
BRW 1992 12 1 0 0 0 361.28 1.89 31 71.323 -156.611 27.46 11.0 16.46 ...
BRW 1993 1 1 0 0 0 362.49 1.15 30 71.323 -156.611 27.46 11.0 16.46 ...
BRW 1993 2 1 0 0 0 361.94 0.76 16 71.323 -156.611 27.46 11.0 16.46 ...
BRW 1993 3 1 0 0 0 363.57 0.0 1 71.323 -156.611 27.46 11.0 16.46 ...
BRW 1993 4 1 0 0 0 362.59 0.61 30 71.323 -156.611 27.46 11.0 16.46 ...
BRW 1993 5 1 0 0 0 363.39 0.58 31 71.323 -156.611 27.46 11.0 16.46 ...
BRW 1993 6 1 0 0 0 360.62 1.56 30 71.323 -156.611 27.46 11.0 16.46 ...
BRW 1993 7 1 0 0 0 351.81 2.66 26 71.323 -156.611 27.46 11.0 16.46 ...
BRW 1993 8 1 0 0 0 348.18 1.19 31 71.323 -156.611 27.46 11.0 16.46 ...
BRW 1993 9 1 0 0 0 349.34 1.61 29 71.323 -156.611 27.46 11.0 16.46 ...
BRW 1993 10 1 0 0 0 353.96 1.99 28 71.323 -156.611 27.46 11.0 16.46 ...
BRW 1993 11 1 0 0 0 358.69 1.42 28 71.323 -156.611 27.46 11.0 16.46 ...
BRW 1993 12 1 0 0 0 360.48 0.98 31 71.323 -156.611 27.46 11.0 16.46 ...
BRW 1994 1 1 0 0 0 362.21 0.88 31 71.323 -156.611 27.46 11.0 16.46 ...
BRW 1994 2 1 0 0 0 364.08 2.09 28 71.323 -156.611 27.46 11.0 16.46 ...
BRW 1994 3 1 0 0 0 365.22 0.69 29 71.323 -156.611 27.46 11.0 16.46 ...
BRW 1994 4 1 0 0 0 364.47 0.22 30 71.323 -156.611 27.46 11.0 16.46 ...
BRW 1994 5 1 0 0 0 364.25 0.4 31 71.323 -156.611 27.46 11.0 16.46 ...
BRW 1994 6 1 0 0 0 362.82 1.81 29 71.323 -156.611 27.46 11.0 16.46 ...
BRW 1994 7 1 0 0 0 355.06 2.93 29 71.323 -156.611 27.46 11.0 16.46 ...
BRW 1994 8 1 0 0 0 349.38 1.28 20 71.323 -156.611 27.46 11.0 16.46 ...
BRW 1994 9 1 0 0 0 350.76 1.4 29 71.323 -156.611 27.46 11.0 16.46 ...
BRW 1994 10 1 0 0 0 356.89 2.11 27 71.323 -156.611 27.46 11.0 16.46 ...
BRW 1994 11 1 0 0 0 360.96 1.85 29 71.323 -156.611 27.46 11.0 16.46 ...
BRW 1994 12 1 0 0 0 364.5 0.98 30 71.323 -156.611 27.46 11.0 16.46 ...
BRW 1995 1 1 0 0 0 364.87 1.65 31 71.323 -156.611 27.46 11.0 16.46 ...
BRW 1995 2 1 0 0 0 366.35 0.97 28 71.323 -156.611 27.46 11.0 16.46 ...
BRW 1995 3 1 0 0 0 366.43 0.71 30 71.323 -156.611 27.46 11.0 16.46 ...
BRW 1995 4 1 0 0 0 366.85 0.29 29 71.323 -156.611 27.46 11.0 16.46 ...
BRW 1995 5 1 0 0 0 365.96 0.4 31 71.323 -156.611 27.46 11.0 16.46 ...
BRW 1995 6 1 0 0 0 364.16 0.72 30 71.323 -156.611 27.46 11.0 16.46 ...
BRW 1995 7 1 0 0 0 356.82 1.82 27 71.323 -156.611 27.46 11.0 16.46 ...
BRW 1995 8 1 0 0 0 351.67 0.93 31 71.323 -156.611 27.46 11.0 16.46 ...
BRW 1995 9 1 0 0 0 354.75 3.91 24 71.323 -156.611 27.46 11.0 16.46 ...
BRW 1995 10 1 0 0 0 358.2 2.43 27 71.323 -156.611 27.46 11.0 16.46 ...
BRW 1995 11 1 0 0 0 364.22 1.89 29 71.323 -156.611 27.46 11.0 16.46 ...
BRW 1995 12 1 0 0 0 367.27 1.9 30 71.323 -156.611 27.46 11.0 16.46 ...
BRW 1996 1 1 0 0 0 366.76 1.25 29 71.323 -156.611 27.46 11.0 16.46 ...
BRW 1996 2 1 0 0 0 367.67 1.06 28 71.323 -156.611 27.46 11.0 16.46 ...
BRW 1996 3 1 0 0 0 367.84 0.32 30 71.323 -156.611 27.46 11.0 16.46 ...
BRW 1996 4 1 0 0 0 368.17 0.31 30 71.323 -156.611 27.46 11.0 16.46 ...
BRW 1996 5 1 0 0 0 369.23 0.99 30 71.323 -156.611 27.46 11.0 16.46 ...
BRW 1996 6 1 0 0 0 367.25 1.21 28 71.323 -156.611 27.46 11.0 16.46 ...
BRW 1996 7 1 0 0 0 361.12 2.0 26 71.323 -156.611 27.46 11.0 16.46 ...
BRW 1996 8 1 0 0 0 355.56 1.41 30 71.323 -156.611 27.46 11.0 16.46 ...
BRW 1996 9 1 0 0 0 354.36 1.45 27 71.323 -156.611 27.46 11.0 16.46 ...
BRW 1996 10 1 0 0 0 361.06 2.07 25 71.323 -156.611 27.46 11.0 16.46 ...
BRW 1996 11 1 0 0 0 364.3 1.6 28 71.323 -156.611 27.46 11.0 16.46 ...
BRW 1996 12 1 0 0 0 366.78 1.17 31 71.323 -156.611 27.46 11.0 16.46 ...
BRW 1997 1 1 0 0 0 369.15 1.89 30 71.323 -156.611 27.46 11.0 16.46 ...
BRW 1997 2 1 0 0 0 369.24 0.9 28 71.323 -156.611 27.46 11.0 16.46 ...
BRW 1997 3 1 0 0 0 368.83 0.63 30 71.323 -156.611 27.46 11.0 16.46 ...
BRW 1997 4 1 0 0 0 369.58 0.56 30 71.323 -156.611 27.46 11.0 16.46 ...
BRW 1997 5 1 0 0 0 369.52 0.49 30 71.323 -156.611 27.46 11.0 16.46 ...
BRW 1997 6 1 0 0 0 367.1 2.45 29 71.323 -156.611 27.46 11.0 16.46 ...
BRW 1997 7 1 0 0 0 359.74 2.9 28 71.323 -156.611 27.46 11.0 16.46 ...
BRW 1997 8 1 0 0 0 353.87 0.45 25 71.323 -156.611 27.46 11.0 16.46 ...
BRW 1997 9 1 0 0 0 356.83 1.77 30 71.323 -156.611 27.46 11.0 16.46 ...
BRW 1997 10 1 0 0 0 361.83 1.82 23 71.323 -156.611 27.46 11.0 16.46 ...
BRW 1997 11 1 0 0 0 366.96 1.41 17 71.323 -156.611 27.46 11.0 16.46 ...
BRW 1997 12 1 0 0 0 368.24 1.38 31 71.323 -156.611 27.46 11.0 16.46 ...
BRW 1998 1 1 0 0 0 369.7 0.72 31 71.323 -156.611 27.46 11.0 16.46 ...
BRW 1998 2 1 0 0 0 370.69 0.81 28 71.323 -156.611 27.46 11.0 16.46 ...
BRW 1998 3 1 0 0 0 370.85 0.67 30 71.323 -156.611 27.46 11.0 16.46 ...
BRW 1998 4 1 0 0 0 371.59 0.56 30 71.323 -156.611 27.46 11.0 16.46 ...
BRW 1998 5 1 0 0 0 371.62 0.56 30 71.323 -156.611 27.46 11.0 16.46 ...
BRW 1998 6 1 0 0 0 369.42 1.47 28 71.323 -156.611 27.46 11.0 16.46 ...
BRW 1998 7 1 0 0 0 362.52 2.19 26 71.323 -156.611 27.46 11.0 16.46 ...
BRW 1998 8 1 0 0 0 357.24 1.03 25 71.323 -156.611 27.46 11.0 16.46 ...
BRW 1998 9 1 0 0 0 360.64 2.67 25 71.323 -156.611 27.46 11.0 16.46 ...
BRW 1998 10 1 0 0 0 365.72 1.74 23 71.323 -156.611 27.46 11.0 16.46 ...
BRW 1998 11 1 0 0 0 369.64 0.89 28 71.323 -156.611 27.46 11.0 16.46 ...
BRW 1998 12 1 0 0 0 373.21 1.37 28 71.323 -156.611 27.46 11.0 16.46 ...
BRW 1999 1 1 0 0 0 374.29 0.91 31 71.323 -156.611 27.46 11.0 16.46 ...
BRW 1999 2 1 0 0 0 373.82 0.54 27 71.323 -156.611 27.46 11.0 16.46 ...
BRW 1999 3 1 0 0 0 374.27 0.42 30 71.323 -156.611 27.46 11.0 16.46 ...
BRW 1999 4 1 0 0 0 374.84 0.31 30 71.323 -156.611 27.46 11.0 16.46 ...
BRW 1999 5 1 0 0 0 375.09 0.37 30 71.323 -156.611 27.46 11.0 16.46 ...
BRW 1999 6 1 0 0 0 372.52 1.56 30 71.323 -156.611 27.46 11.0 16.46 ...
BRW 1999 7 1 0 0 0 362.76 1.84 25 71.323 -156.611 27.46 11.0 16.46 ...
BRW 1999 8 1 0 0 0 357.66 1.12 25 71.323 -156.611 27.46 11.0 16.46 ...
BRW 1999 9 1 0 0 0 359.84 1.48 28 71.323 -156.611 27.46 11.0 16.46 ...
BRW 1999 10 1 0 0 0 365.04 1.9 30 71.323 -156.611 27.46 11.0 16.46 ...
BRW 1999 11 1 0 0 0 370.5 1.28 28 71.323 -156.611 27.46 11.0 16.46 ...
BRW 1999 12 1 0 0 0 372.77 1.5 31 71.323 -156.611 27.46 11.0 16.46 ...
BRW 2000 1 1 0 0 0 375.05 1.24 27 71.323 -156.611 27.46 11.0 16.46 ...
BRW 2000 2 1 0 0 0 376.67 0.94 23 71.323 -156.611 27.46 11.0 16.46 ...
BRW 2000 3 1 0 0 0 374.73 0.57 31 71.323 -156.611 27.46 11.0 16.46 ...
BRW 2000 4 1 0 0 0 375.61 0.48 24 71.323 -156.611 27.46 11.0 16.46 ...
BRW 2000 5 1 0 0 0 376.17 0.51 30 71.323 -156.611 27.46 11.0 16.46 ...
BRW 2000 6 1 0 0 0 372.66 2.78 28 71.323 -156.611 27.46 11.0 16.46 ...
BRW 2000 7 1 0 0 0 365.77 3.38 26 71.323 -156.611 27.46 11.0 16.46 ...
BRW 2000 8 1 0 0 0 360.8 0.88 24 71.323 -156.611 27.46 11.0 16.46 ...
BRW 2000 9 1 0 0 0 363.28 1.85 29 71.323 -156.611 27.46 11.0 16.46 ...
BRW 2000 10 1 0 0 0 368.67 2.04 27 71.323 -156.611 27.46 11.0 16.46 ...
BRW 2000 11 1 0 0 0 371.41 1.58 29 71.323 -156.611 27.46 11.0 16.46 ...
BRW 2000 12 1 0 0 0 373.14 1.5 28 71.323 -156.611 27.46 11.0 16.46 ...
BRW 2001 1 1 0 0 0 375.84 1.53 29 71.323 -156.611 27.46 11.0 16.46 ...
BRW 2001 2 1 0 0 0 376.74 0.62 28 71.323 -156.611 27.46 11.0 16.46 ...
BRW 2001 3 1 0 0 0 376.47 0.4 31 71.323 -156.611 27.46 11.0 16.46 ...
BRW 2001 4 1 0 0 0 377.66 0.6 28 71.323 -156.611 27.46 11.0 16.46 ...
BRW 2001 5 1 0 0 0 377.62 0.46 31 71.323 -156.611 27.46 11.0 16.46 ...
BRW 2001 6 1 0 0 0 375.12 2.48 28 71.323 -156.611 27.46 11.0 16.46 ...
BRW 2001 7 1 0 0 0 368.44 2.46 24 71.323 -156.611 27.46 11.0 16.46 ...
BRW 2001 8 1 0 0 0 361.35 1.3 26 71.323 -156.611 27.46 11.0 16.46 ...
BRW 2001 9 1 0 0 0 363.77 1.87 24 71.323 -156.611 27.46 11.0 16.46 ...
BRW 2001 10 1 0 0 0 368.53 1.59 29 71.323 -156.611 27.46 11.0 16.46 ...
BRW 2001 11 1 0 0 0 374.07 1.45 27 71.323 -156.611 27.46 11.0 16.46 ...
BRW 2001 12 1 0 0 0 376.34 0.97 31 71.323 -156.611 27.46 11.0 16.46 ...
BRW 2002 1 1 0 0 0 378.31 1.44 30 71.323 -156.611 27.46 11.0 16.46 ...
BRW 2002 2 1 0 0 0 377.72 0.75 25 71.323 -156.611 27.46 11.0 16.46 ...
BRW 2002 3 1 0 0 0 378.41 0.54 30 71.323 -156.611 27.46 11.0 16.46 ...
BRW 2002 4 1 0 0 0 379.24 0.28 27 71.323 -156.611 27.46 11.0 16.46 ...
BRW 2002 5 1 0 0 0 379.32 0.67 27 71.323 -156.611 27.46 11.0 16.46 ...
BRW 2002 6 1 0 0 0 376.01 1.63 30 71.323 -156.611 27.46 11.0 16.46 ...
BRW 2002 7 1 0 0 0 369.62 3.79 29 71.323 -156.611 27.46 11.0 16.46 ...
BRW 2002 8 1 0 0 0 363.01 1.32 28 71.323 -156.611 27.46 11.0 16.46 ...
BRW 2002 9 1 0 0 0 366.1 2.03 22 71.323 -156.611 27.46 11.0 16.46 ...
BRW 2002 10 1 0 0 0 369.89 2.39 7 71.323 -156.611 27.46 11.0 16.46 ...
BRW 2002 11 1 0 0 0 NaN -99.99 0 71.323 -156.611 27.46 11.0 16.46 *..
BRW 2002 12 1 0 0 0 378.71 1.42 18 71.323 -156.611 27.46 11.0 16.46 ...
BRW 2003 1 1 0 0 0 378.96 0.67 31 71.323 -156.611 27.46 11.0 16.46 ...
BRW 2003 2 1 0 0 0 380.97 1.24 28 71.323 -156.611 27.46 11.0 16.46 ...
BRW 2003 3 1 0 0 0 381.35 0.7 30 71.323 -156.611 27.46 11.0 16.46 ...
BRW 2003 4 1 0 0 0 382.05 0.51 29 71.323 -156.611 27.46 11.0 16.46 ...
BRW 2003 5 1 0 0 0 382.1 0.39 31 71.323 -156.611 27.46 11.0 16.46 ...
BRW 2003 6 1 0 0 0 380.28 1.44 30 71.323 -156.611 27.46 11.0 16.46 ...
BRW 2003 7 1 0 0 0 372.58 2.02 17 71.323 -156.611 27.46 11.0 16.46 ...
BRW 2003 8 1 0 0 0 367.49 1.01 26 71.323 -156.611 27.46 11.0 16.46 ...
BRW 2003 9 1 0 0 0 369.26 2.17 26 71.323 -156.611 27.46 11.0 16.46 ...
BRW 2003 10 1 0 0 0 374.1 2.53 28 71.323 -156.611 27.46 11.0 16.46 ...
BRW 2003 11 1 0 0 0 378.85 1.49 28 71.323 -156.611 27.46 11.0 16.46 ...
BRW 2003 12 1 0 0 0 381.99 1.64 30 71.323 -156.611 27.46 11.0 16.46 ...
BRW 2004 1 1 0 0 0 382.29 1.16 30 71.323 -156.611 27.46 11.0 16.46 ...
BRW 2004 2 1 0 0 0 383.31 1.1 16 71.323 -156.611 27.46 11.0 16.46 ...
BRW 2004 3 1 0 0 0 382.44 0.45 31 71.323 -156.611 27.46 11.0 16.46 ...
BRW 2004 4 1 0 0 0 383.7 0.6 30 71.323 -156.611 27.46 11.0 16.46 ...
BRW 2004 5 1 0 0 0 384.01 0.63 27 71.323 -156.611 27.46 11.0 16.46 ...
BRW 2004 6 1 0 0 0 379.75 3.12 28 71.323 -156.611 27.46 11.0 16.46 ...
BRW 2004 7 1 0 0 0 373.53 2.69 25 71.323 -156.611 27.46 11.0 16.46 ...
BRW 2004 8 1 0 0 0 366.94 2.19 26 71.323 -156.611 27.46 11.0 16.46 ...
BRW 2004 9 1 0 0 0 369.42 1.95 29 71.323 -156.611 27.46 11.0 16.46 ...
BRW 2004 10 1 0 0 0 375.57 4.49 26 71.323 -156.611 27.46 11.0 16.46 ...
BRW 2004 11 1 0 0 0 380.51 2.38 27 71.323 -156.611 27.46 11.0 16.46 ...
BRW 2004 12 1 0 0 0 382.25 1.29 31 71.323 -156.611 27.46 11.0 16.46 ...
BRW 2005 1 1 0 0 0 384.98 1.78 31 71.323 -156.611 27.46 11.0 16.46 ...
BRW 2005 2 1 0 0 0 385.66 1.14 28 71.323 -156.611 27.46 11.0 16.46 ...
BRW 2005 3 1 0 0 0 384.89 0.58 31 71.323 -156.611 27.46 11.0 16.46 ...
BRW 2005 4 1 0 0 0 385.81 0.45 30 71.323 -156.611 27.46 11.0 16.46 ...
BRW 2005 5 1 0 0 0 385.21 0.53 30 71.323 -156.611 27.46 11.0 16.46 ...
BRW 2005 6 1 0 0 0 383.14 2.5 30 71.323 -156.611 27.46 11.0 16.46 ...
BRW 2005 7 1 0 0 0 376.32 2.93 31 71.323 -156.611 27.46 11.0 16.46 ...
BRW 2005 8 1 0 0 0 369.99 0.8 23 71.323 -156.611 27.46 11.0 16.46 ...
BRW 2005 9 1 0 0 0 372.06 2.21 28 71.323 -156.611 27.46 11.0 16.46 ...
BRW 2005 10 1 0 0 0 378.05 2.56 29 71.323 -156.611 27.46 11.0 16.46 ...
BRW 2005 11 1 0 0 0 381.81 1.6 30 71.323 -156.611 27.46 11.0 16.46 ...
BRW 2005 12 1 0 0 0 385.56 0.66 31 71.323 -156.611 27.46 11.0 16.46 ...BRW 1980 1 1 0 0 0 342.01 0.47 25 71.323 -156.611 27.46 11.0 16.46 ...
BRW 1980 2 1 0 0 0 342.41 0.79 26 71.323 -156.611 27.46 11.0 16.46 ...
BRW 1980 3 1 0 0 0 343.33 0.84 23 71.323 -156.611 27.46 11.0 16.46 ...
BRW 1980 4 1 0 0 0 343.37 0.08 3 71.323 -156.611 27.46 11.0 16.46 ...
BRW 1980 5 1 0 0 0 343.21 0.46 16 71.323 -156.611 27.46 11.0 16.46 ...
BRW 1980 6 1 0 0 0 342.87 1.09 15 71.323 -156.611 27.46 11.0 16.46 ...
BRW 1980 7 1 0 0 0 337.49 1.67 19 71.323 -156.611 27.46 11.0 16.46 ...
BRW 1980 8 1 0 0 0 332.07 1.76 15 71.323 -156.611 27.46 11.0 16.46 ...
BRW 1980 9 1 0 0 0 331.55 1.03 13 71.323 -156.611 27.46 11.0 16.46 ...
BRW 1980 10 1 0 0 0 338.49 2.38 19 71.323 -156.611 27.46 11.0 16.46 ...
BRW 1980 11 1 0 0 0 340.52 0.67 30 71.323 -156.611 27.46 11.0 16.46 ...
BRW 1980 12 1 0 0 0 343.46 1.43 27 71.323 -156.611 27.46 11.0 16.46 ...
BRW 1981 1 1 0 0 0 344.33 0.83 31 71.323 -156.611 27.46 11.0 16.46 ...
BRW 1981 2 1 0 0 0 345.58 0.91 26 71.323 -156.611 27.46 11.0 16.46 ...
BRW 1981 3 1 0 0 0 344.64 0.46 30 71.323 -156.611 27.46 11.0 16.46 ...
BRW 1981 4 1 0 0 0 345.9 0.76 29 71.323 -156.611 27.46 11.0 16.46 ...
BRW 1981 5 1 0 0 0 346.91 0.63 30 71.323 -156.611 27.46 11.0 16.46 ...
BRW 1981 6 1 0 0 0 344.51 1.41 29 71.323 -156.611 27.46 11.0 16.46 ...
BRW 1981 7 1 0 0 0 338.27 3.49 21 71.323 -156.611 27.46 11.0 16.46 ...
BRW 1981 8 1 0 0 0 332.17 0.79 30 71.323 -156.611 27.46 11.0 16.46 ...
BRW 1981 9 1 0 0 0 333.89 1.63 28 71.323 -156.611 27.46 11.0 16.46 ...
BRW 1981 10 1 0 0 0 339.24 2.31 28 71.323 -156.611 27.46 11.0 16.46 ...
BRW 1981 11 1 0 0 0 342.54 1.17 27 71.323 -156.611 27.46 11.0 16.46 ...
BRW 1981 12 1 0 0 0 345.02 0.7 24 71.323 -156.611 27.46 11.0 16.46 ...
BRW 1982 1 1 0 0 0 346.0 1.35 20 71.323 -156.611 27.46 11.0 16.46 ...
BRW 1982 2 1 0 0 0 347.66 1.94 23 71.323 -156.611 27.46 11.0 16.46 ...
BRW 1982 3 1 0 0 0 348.33 0.85 30 71.323 -156.611 27.46 11.0 16.46 ...
BRW 1982 4 1 0 0 0 348.3 0.42 28 71.323 -156.611 27.46 11.0 16.46 ...
BRW 1982 5 1 0 0 0 348.18 0.38 29 71.323 -156.611 27.46 11.0 16.46 ...
BRW 1982 6 1 0 0 0 346.03 1.39 27 71.323 -156.611 27.46 11.0 16.46 ...
BRW 1982 7 1 0 0 0 339.15 2.16 30 71.323 -156.611 27.46 11.0 16.46 ...
BRW 1982 8 1 0 0 0 333.27 1.31 23 71.323 -156.611 27.46 11.0 16.46 ...
BRW 1982 9 1 0 0 0 333.49 1.45 25 71.323 -156.611 27.46 11.0 16.46 ...
BRW 1982 10 1 0 0 0 337.97 1.94 27 71.323 -156.611 27.46 11.0 16.46 ...
BRW 1982 11 1 0 0 0 342.23 1.25 30 71.323 -156.611 27.46 11.0 16.46 ...
BRW 1982 12 1 0 0 0 344.71 1.22 31 71.323 -156.611 27.46 11.0 16.46 ...
BRW 1983 1 1 0 0 0 347.14 0.82 25 71.323 -156.611 27.46 11.0 16.46 ...
BRW 1983 2 1 0 0 0 347.13 1.27 28 71.323 -156.611 27.46 11.0 16.46 ...
BRW 1983 3 1 0 0 0 348.31 1.08 31 71.323 -156.611 27.46 11.0 16.46 ...
BRW 1983 4 1 0 0 0 348.33 0.44 29 71.323 -156.611 27.46 11.0 16.46 ...
BRW 1983 5 1 0 0 0 348.49 0.31 31 71.323 -156.611 27.46 11.0 16.46 ...
BRW 1983 6 1 0 0 0 347.03 1.43 29 71.323 -156.611 27.46 11.0 16.46 ...
BRW 1983 7 1 0 0 0 340.81 2.44 29 71.323 -156.611 27.46 11.0 16.46 ...
BRW 1983 8 1 0 0 0 333.72 1.51 28 71.323 -156.611 27.46 11.0 16.46 ...
BRW 1983 9 1 0 0 0 335.33 2.17 29 71.323 -156.611 27.46 11.0 16.46 ...
BRW 1983 10 1 0 0 0 340.56 2.07 27 71.323 -156.611 27.46 11.0 16.46 ...
BRW 1983 11 1 0 0 0 346.68 1.05 30 71.323 -156.611 27.46 11.0 16.46 ...
BRW 1983 12 1 0 0 0 346.75 1.7 24 71.323 -156.611 27.46 11.0 16.46 ...
BRW 1984 1 1 0 0 0 350.81 1.74 20 71.323 -156.611 27.46 11.0 16.46 ...
BRW 1984 2 1 0 0 0 350.99 0.84 29 71.323 -156.611 27.46 11.0 16.46 ...
BRW 1984 3 1 0 0 0 350.2 0.48 30 71.323 -156.611 27.46 11.0 16.46 ...
BRW 1984 4 1 0 0 0 349.98 0.21 30 71.323 -156.611 27.46 11.0 16.46 ...
BRW 1984 5 1 0 0 0 350.86 0.43 31 71.323 -156.611 27.46 11.0 16.46 ...
BRW 1984 6 1 0 0 0 348.55 1.22 28 71.323 -156.611 27.46 11.0 16.46 ...
BRW 1984 7 1 0 0 0 341.95 2.85 25 71.323 -156.611 27.46 11.0 16.46 ...
BRW 1984 8 1 0 0 0 335.65 1.09 22 71.323 -156.611 27.46 11.0 16.46 ...
BRW 1984 9 1 0 0 0 338.13 2.25 24 71.323 -156.611 27.46 11.0 16.46 ...
BRW 1984 10 1 0 0 0 341.7 2.11 27 71.323 -156.611 27.46 11.0 16.46 ...
BRW 1984 11 1 0 0 0 345.05 0.29 27 71.323 -156.611 27.46 11.0 16.46 ...
BRW 1984 12 1 0 0 0 348.68 1.32 31 71.323 -156.611 27.46 11.0 16.46 ...
BRW 1985 1 1 0 0 0 349.79 0.74 30 71.323 -156.611 27.46 11.0 16.46 ...
BRW 1985 2 1 0 0 0 349.62 0.54 26 71.323 -156.611 27.46 11.0 16.46 ...
BRW 1985 3 1 0 0 0 350.7 0.49 29 71.323 -156.611 27.46 11.0 16.46 ...
BRW 1985 4 1 0 0 0 351.66 0.48 29 71.323 -156.611 27.46 11.0 16.46 ...
BRW 1985 5 1 0 0 0 352.62 0.5 30 71.323 -156.611 27.46 11.0 16.46 ...
BRW 1985 6 1 0 0 0 350.07 1.0 30 71.323 -156.611 27.46 11.0 16.46 ...
BRW 1985 7 1 0 0 0 343.88 2.17 28 71.323 -156.611 27.46 11.0 16.46 ...
BRW 1985 8 1 0 0 0 337.91 0.79 28 71.323 -156.611 27.46 11.0 16.46 ...
BRW 1985 9 1 0 0 0 338.34 2.07 28 71.323 -156.611 27.46 11.0 16.46 ...
BRW 1985 10 1 0 0 0 343.33 1.92 30 71.323 -156.611 27.46 11.0 16.46 ...
BRW 1985 11 1 0 0 0 347.08 1.05 23 71.323 -156.611 27.46 11.0 16.46 ...
BRW 1985 12 1 0 0 0 349.62 2.27 29 71.323 -156.611 27.46 11.0 16.46 ...
BRW 1986 1 1 0 0 0 350.26 0.82 30 71.323 -156.611 27.46 11.0 16.46 ...
BRW 1986 2 1 0 0 0 351.83 0.71 27 71.323 -156.611 27.46 11.0 16.46 ...
BRW 1986 3 1 0 0 0 353.69 1.0 26 71.323 -156.611 27.46 11.0 16.46 ...
BRW 1986 4 1 0 0 0 353.22 0.39 29 71.323 -156.611 27.46 11.0 16.46 ...
BRW 1986 5 1 0 0 0 353.51 0.44 31 71.323 -156.611 27.46 11.0 16.46 ...
BRW 1986 6 1 0 0 0 351.77 1.73 29 71.323 -156.611 27.46 11.0 16.46 ...
BRW 1986 7 1 0 0 0 345.4 2.78 25 71.323 -156.611 27.46 11.0 16.46 ...
BRW 1986 8 1 0 0 0 339.72 1.44 27 71.323 -156.611 27.46 11.0 16.46 ...
BRW 1986 9 1 0 0 0 340.78 2.16 20 71.323 -156.611 27.46 11.0 16.46 ...
BRW 1986 10 1 0 0 0 344.82 2.28 21 71.323 -156.611 27.46 11.0 16.46 ...
BRW 1986 11 1 0 0 0 348.69 1.07 29 71.323 -156.611 27.46 11.0 16.46 ...
BRW 1986 12 1 0 0 0 351.17 1.17 30 71.323 -156.611 27.46 11.0 16.46 ...
BRW 1987 1 1 0 0 0 352.57 1.05 27 71.323 -156.611 27.46 11.0 16.46 ...
BRW 1987 2 1 0 0 0 352.92 0.65 28 71.323 -156.611 27.46 11.0 16.46 ...
BRW 1987 3 1 0 0 0 354.15 0.87 31 71.323 -156.611 27.46 11.0 16.46 ...
BRW 1987 4 1 0 0 0 354.08 0.46 25 71.323 -156.611 27.46 11.0 16.46 ...
BRW 1987 5 1 0 0 0 354.66 0.6 31 71.323 -156.611 27.46 11.0 16.46 ...
BRW 1987 6 1 0 0 0 352.38 1.21 30 71.323 -156.611 27.46 11.0 16.46 ...
BRW 1987 7 1 0 0 0 346.87 3.15 28 71.323 -156.611 27.46 11.0 16.46 ...
BRW 1987 8 1 0 0 0 340.71 1.49 26 71.323 -156.611 27.46 11.0 16.46 ...
BRW 1987 9 1 0 0 0 340.59 1.04 25 71.323 -156.611 27.46 11.0 16.46 ...
BRW 1987 10 1 0 0 0 347.72 2.84 27 71.323 -156.611 27.46 11.0 16.46 ...
BRW 1987 11 1 0 0 0 349.73 1.19 30 71.323 -156.611 27.46 11.0 16.46 ...
BRW 1987 12 1 0 0 0 352.86 1.23 28 71.323 -156.611 27.46 11.0 16.46 ...
BRW 1988 1 1 0 0 0 354.89 1.2 28 71.323 -156.611 27.46 11.0 16.46 ...
BRW 1988 2 1 0 0 0 356.39 0.97 29 71.323 -156.611 27.46 11.0 16.46 ...
BRW 1988 3 1 0 0 0 356.57 0.67 30 71.323 -156.611 27.46 11.0 16.46 ...
BRW 1988 4 1 0 0 0 357.53 0.45 30 71.323 -156.611 27.46 11.0 16.46 ...
BRW 1988 5 1 0 0 0 356.75 0.81 31 71.323 -156.611 27.46 11.0 16.46 ...
BRW 1988 6 1 0 0 0 355.42 1.15 28 71.323 -156.611 27.46 11.0 16.46 ...
BRW 1988 7 1 0 0 0 348.84 2.07 23 71.323 -156.611 27.46 11.0 16.46 ...
BRW 1988 8 1 0 0 0 343.1 1.54 26 71.323 -156.611 27.46 11.0 16.46 ...
BRW 1988 9 1 0 0 0 345.47 1.37 23 71.323 -156.611 27.46 11.0 16.46 ...
BRW 1988 10 1 0 0 0 350.33 1.54 24 71.323 -156.611 27.46 11.0 16.46 ...
BRW 1988 11 1 0 0 0 354.71 2.06 26 71.323 -156.611 27.46 11.0 16.46 ...
BRW 1988 12 1 0 0 0 357.96 1.07 24 71.323 -156.611 27.46 11.0 16.46 ...
BRW 1989 1 1 0 0 0 361.17 1.69 15 71.323 -156.611 27.46 11.0 16.46 ...
BRW 1989 2 1 0 0 0 358.2 1.92 21 71.323 -156.611 27.46 11.0 16.46 ...
BRW 1989 3 1 0 0 0 359.42 1.11 20 71.323 -156.611 27.46 11.0 16.46 ...
BRW 1989 4 1 0 0 0 359.61 0.51 30 71.323 -156.611 27.46 11.0 16.46 ...
BRW 1989 5 1 0 0 0 359.2 0.46 31 71.323 -156.611 27.46 11.0 16.46 ...
BRW 1989 6 1 0 0 0 357.61 1.69 29 71.323 -156.611 27.46 11.0 16.46 ...
BRW 1989 7 1 0 0 0 350.88 3.06 16 71.323 -156.611 27.46 11.0 16.46 ...
BRW 1989 8 1 0 0 0 344.39 1.06 21 71.323 -156.611 27.46 11.0 16.46 ...
BRW 1989 9 1 0 0 0 346.18 2.27 28 71.323 -156.611 27.46 11.0 16.46 ...
BRW 1989 10 1 0 0 0 351.42 1.33 28 71.323 -156.611 27.46 11.0 16.46 ...
BRW 1989 11 1 0 0 0 355.45 2.25 15 71.323 -156.611 27.46 11.0 16.46 ...
BRW 1989 12 1 0 0 0 358.49 1.07 31 71.323 -156.611 27.46 11.0 16.46 ...
BRW 1990 1 1 0 0 0 359.9 0.9 27 71.323 -156.611 27.46 11.0 16.46 ...
BRW 1990 2 1 0 0 0 359.88 0.88 21 71.323 -156.611 27.46 11.0 16.46 ...
BRW 1990 3 1 0 0 0 361.37 1.16 31 71.323 -156.611 27.46 11.0 16.46 ...
BRW 1990 4 1 0 0 0 361.08 0.43 30 71.323 -156.611 27.46 11.0 16.46 ...
BRW 1990 5 1 0 0 0 360.49 0.77 30 71.323 -156.611 27.46 11.0 16.46 ...
BRW 1990 6 1 0 0 0 356.96 2.22 29 71.323 -156.611 27.46 11.0 16.46 ...
BRW 1990 7 1 0 0 0 350.31 2.91 22 71.323 -156.611 27.46 11.0 16.46 ...
BRW 1990 8 1 0 0 0 346.02 0.89 30 71.323 -156.611 27.46 11.0 16.46 ...
BRW 1990 9 1 0 0 0 346.54 0.75 27 71.323 -156.611 27.46 11.0 16.46 ...
BRW 1990 10 1 0 0 0 352.14 2.62 24 71.323 -156.611 27.46 11.0 16.46 ...
BRW 1990 11 1 0 0 0 357.02 1.67 26 71.323 -156.611 27.46 11.0 16.46 ...
BRW 1990 12 1 0 0 0 359.26 1.5 28 71.323 -156.611 27.46 11.0 16.46 ...
BRW 1991 1 1 0 0 0 361.31 1.39 23 71.323 -156.611 27.46 11.0 16.46 ...
BRW 1991 2 1 0 0 0 362.19 2.77 24 71.323 -156.611 27.46 11.0 16.46 ...
BRW 1991 3 1 0 0 0 361.49 0.66 27 71.323 -156.611 27.46 11.0 16.46 ...
BRW 1991 4 1 0 0 0 361.96 0.43 30 71.323 -156.611 27.46 11.0 16.46 ...
BRW 1991 5 1 0 0 0 361.76 0.54 31 71.323 -156.611 27.46 11.0 16.46 ...
BRW 1991 6 1 0 0 0 359.58 1.78 29 71.323 -156.611 27.46 11.0 16.46 ...
BRW 1991 7 1 0 0 0 353.81 2.93 27 71.323 -156.611 27.46 11.0 16.46 ...
BRW 1991 8 1 0 0 0 347.69 1.2 26 71.323 -156.611 27.46 11.0 16.46 ...
BRW 1991 9 1 0 0 0 348.58 1.71 25 71.323 -156.611 27.46 11.0 16.46 ...
BRW 1991 10 1 0 0 0 355.31 3.55 24 71.323 -156.611 27.46 11.0 16.46 ...
BRW 1991 11 1 0 0 0 358.53 1.29 30 71.323 -156.611 27.46 11.0 16.46 ...
BRW 1991 12 1 0 0 0 360.75 1.32 28 71.323 -156.611 27.46 11.0 16.46 ...
BRW 1992 1 1 0 0 0 361.67 0.8 31 71.323 -156.611 27.46 11.0 16.46 ...
BRW 1992 2 1 0 0 0 362.16 0.83 28 71.323 -156.611 27.46 11.0 16.46 ...
BRW 1992 3 1 0 0 0 362.64 0.42 30 71.323 -156.611 27.46 11.0 16.46 ...
BRW 1992 4 1 0 0 0 362.7 0.32 30 71.323 -156.611 27.46 11.0 16.46 ...
BRW 1992 5 1 0 0 0 362.86 0.88 31 71.323 -156.611 27.46 11.0 16.46 ...
BRW 1992 6 1 0 0 0 360.45 1.66 30 71.323 -156.611 27.46 11.0 16.46 ...
BRW 1992 7 1 0 0 0 353.12 3.02 31 71.323 -156.611 27.46 11.0 16.46 ...
BRW 1992 8 1 0 0 0 347.24 1.44 28 71.323 -156.611 27.46 11.0 16.46 ...
BRW 1992 9 1 0 0 0 347.91 1.45 29 71.323 -156.611 27.46 11.0 16.46 ...
BRW 1992 10 1 0 0 0 353.8 1.54 29 71.323 -156.611 27.46 11.0 16.46 ...
BRW 1992 11 1 0 0 0 357.46 1.01 30 71.323 -156.611 27.46 11.0 16.46 ...
BRW 1992 12 1 0 0 0 361.28 1.89 31 71.323 -156.611 27.46 11.0 16.46 ...
BRW 1993 1 1 0 0 0 362.49 1.15 30 71.323 -156.611 27.46 11.0 16.46 ...
BRW 1993 2 1 0 0 0 361.94 0.76 16 71.323 -156.611 27.46 11.0 16.46 ...
BRW 1993 3 1 0 0 0 363.57 0.0 1 71.323 -156.611 27.46 11.0 16.46 ...
BRW 1993 4 1 0 0 0 362.59 0.61 30 71.323 -156.611 27.46 11.0 16.46 ...
BRW 1993 5 1 0 0 0 363.39 0.58 31 71.323 -156.611 27.46 11.0 16.46 ...
BRW 1993 6 1 0 0 0 360.62 1.56 30 71.323 -156.611 27.46 11.0 16.46 ...
BRW 1993 7 1 0 0 0 351.81 2.66 26 71.323 -156.611 27.46 11.0 16.46 ...
BRW 1993 8 1 0 0 0 348.18 1.19 31 71.323 -156.611 27.46 11.0 16.46 ...
BRW 1993 9 1 0 0 0 349.34 1.61 29 71.323 -156.611 27.46 11.0 16.46 ...
BRW 1993 10 1 0 0 0 353.96 1.99 28 71.323 -156.611 27.46 11.0 16.46 ...
BRW 1993 11 1 0 0 0 358.69 1.42 28 71.323 -156.611 27.46 11.0 16.46 ...
BRW 1993 12 1 0 0 0 360.48 0.98 31 71.323 -156.611 27.46 11.0 16.46 ...
BRW 1994 1 1 0 0 0 362.21 0.88 31 71.323 -156.611 27.46 11.0 16.46 ...
BRW 1994 2 1 0 0 0 364.08 2.09 28 71.323 -156.611 27.46 11.0 16.46 ...
BRW 1994 3 1 0 0 0 365.22 0.69 29 71.323 -156.611 27.46 11.0 16.46 ...
BRW 1994 4 1 0 0 0 364.47 0.22 30 71.323 -156.611 27.46 11.0 16.46 ...
BRW 1994 5 1 0 0 0 364.25 0.4 31 71.323 -156.611 27.46 11.0 16.46 ...
BRW 1994 6 1 0 0 0 362.82 1.81 29 71.323 -156.611 27.46 11.0 16.46 ...
BRW 1994 7 1 0 0 0 355.06 2.93 29 71.323 -156.611 27.46 11.0 16.46 ...
BRW 1994 8 1 0 0 0 349.38 1.28 20 71.323 -156.611 27.46 11.0 16.46 ...
BRW 1994 9 1 0 0 0 350.76 1.4 29 71.323 -156.611 27.46 11.0 16.46 ...
BRW 1994 10 1 0 0 0 356.89 2.11 27 71.323 -156.611 27.46 11.0 16.46 ...
BRW 1994 11 1 0 0 0 360.96 1.85 29 71.323 -156.611 27.46 11.0 16.46 ...
BRW 1994 12 1 0 0 0 364.5 0.98 30 71.323 -156.611 27.46 11.0 16.46 ...
BRW 1995 1 1 0 0 0 364.87 1.65 31 71.323 -156.611 27.46 11.0 16.46 ...
BRW 1995 2 1 0 0 0 366.35 0.97 28 71.323 -156.611 27.46 11.0 16.46 ...
BRW 1995 3 1 0 0 0 366.43 0.71 30 71.323 -156.611 27.46 11.0 16.46 ...
BRW 1995 4 1 0 0 0 366.85 0.29 29 71.323 -156.611 27.46 11.0 16.46 ...
BRW 1995 5 1 0 0 0 365.96 0.4 31 71.323 -156.611 27.46 11.0 16.46 ...
BRW 1995 6 1 0 0 0 364.16 0.72 30 71.323 -156.611 27.46 11.0 16.46 ...
BRW 1995 7 1 0 0 0 356.82 1.82 27 71.323 -156.611 27.46 11.0 16.46 ...
BRW 1995 8 1 0 0 0 351.67 0.93 31 71.323 -156.611 27.46 11.0 16.46 ...
BRW 1995 9 1 0 0 0 354.75 3.91 24 71.323 -156.611 27.46 11.0 16.46 ...
BRW 1995 10 1 0 0 0 358.2 2.43 27 71.323 -156.611 27.46 11.0 16.46 ...
BRW 1995 11 1 0 0 0 364.22 1.89 29 71.323 -156.611 27.46 11.0 16.46 ...
BRW 1995 12 1 0 0 0 367.27 1.9 30 71.323 -156.611 27.46 11.0 16.46 ...
BRW 1996 1 1 0 0 0 366.76 1.25 29 71.323 -156.611 27.46 11.0 16.46 ...
BRW 1996 2 1 0 0 0 367.67 1.06 28 71.323 -156.611 27.46 11.0 16.46 ...
BRW 1996 3 1 0 0 0 367.84 0.32 30 71.323 -156.611 27.46 11.0 16.46 ...
BRW 1996 4 1 0 0 0 368.17 0.31 30 71.323 -156.611 27.46 11.0 16.46 ...
BRW 1996 5 1 0 0 0 369.23 0.99 30 71.323 -156.611 27.46 11.0 16.46 ...
BRW 1996 6 1 0 0 0 367.25 1.21 28 71.323 -156.611 27.46 11.0 16.46 ...
BRW 1996 7 1 0 0 0 361.12 2.0 26 71.323 -156.611 27.46 11.0 16.46 ...
BRW 1996 8 1 0 0 0 355.56 1.41 30 71.323 -156.611 27.46 11.0 16.46 ...
BRW 1996 9 1 0 0 0 354.36 1.45 27 71.323 -156.611 27.46 11.0 16.46 ...
BRW 1996 10 1 0 0 0 361.06 2.07 25 71.323 -156.611 27.46 11.0 16.46 ...
BRW 1996 11 1 0 0 0 364.3 1.6 28 71.323 -156.611 27.46 11.0 16.46 ...
BRW 1996 12 1 0 0 0 366.78 1.17 31 71.323 -156.611 27.46 11.0 16.46 ...
BRW 1997 1 1 0 0 0 369.15 1.89 30 71.323 -156.611 27.46 11.0 16.46 ...
BRW 1997 2 1 0 0 0 369.24 0.9 28 71.323 -156.611 27.46 11.0 16.46 ...
BRW 1997 3 1 0 0 0 368.83 0.63 30 71.323 -156.611 27.46 11.0 16.46 ...
BRW 1997 4 1 0 0 0 369.58 0.56 30 71.323 -156.611 27.46 11.0 16.46 ...
BRW 1997 5 1 0 0 0 369.52 0.49 30 71.323 -156.611 27.46 11.0 16.46 ...
BRW 1997 6 1 0 0 0 367.1 2.45 29 71.323 -156.611 27.46 11.0 16.46 ...
BRW 1997 7 1 0 0 0 359.74 2.9 28 71.323 -156.611 27.46 11.0 16.46 ...
BRW 1997 8 1 0 0 0 353.87 0.45 25 71.323 -156.611 27.46 11.0 16.46 ...
BRW 1997 9 1 0 0 0 356.83 1.77 30 71.323 -156.611 27.46 11.0 16.46 ...
BRW 1997 10 1 0 0 0 361.83 1.82 23 71.323 -156.611 27.46 11.0 16.46 ...
BRW 1997 11 1 0 0 0 366.96 1.41 17 71.323 -156.611 27.46 11.0 16.46 ...
BRW 1997 12 1 0 0 0 368.24 1.38 31 71.323 -156.611 27.46 11.0 16.46 ...
BRW 1998 1 1 0 0 0 369.7 0.72 31 71.323 -156.611 27.46 11.0 16.46 ...
BRW 1998 2 1 0 0 0 370.69 0.81 28 71.323 -156.611 27.46 11.0 16.46 ...
BRW 1998 3 1 0 0 0 370.85 0.67 30 71.323 -156.611 27.46 11.0 16.46 ...
BRW 1998 4 1 0 0 0 371.59 0.56 30 71.323 -156.611 27.46 11.0 16.46 ...
BRW 1998 5 1 0 0 0 371.62 0.56 30 71.323 -156.611 27.46 11.0 16.46 ...
BRW 1998 6 1 0 0 0 369.42 1.47 28 71.323 -156.611 27.46 11.0 16.46 ...
BRW 1998 7 1 0 0 0 362.52 2.19 26 71.323 -156.611 27.46 11.0 16.46 ...
BRW 1998 8 1 0 0 0 357.24 1.03 25 71.323 -156.611 27.46 11.0 16.46 ...
BRW 1998 9 1 0 0 0 360.64 2.67 25 71.323 -156.611 27.46 11.0 16.46 ...
BRW 1998 10 1 0 0 0 365.72 1.74 23 71.323 -156.611 27.46 11.0 16.46 ...
BRW 1998 11 1 0 0 0 369.64 0.89 28 71.323 -156.611 27.46 11.0 16.46 ...
BRW 1998 12 1 0 0 0 373.21 1.37 28 71.323 -156.611 27.46 11.0 16.46 ...
BRW 1999 1 1 0 0 0 374.29 0.91 31 71.323 -156.611 27.46 11.0 16.46 ...
BRW 1999 2 1 0 0 0 373.82 0.54 27 71.323 -156.611 27.46 11.0 16.46 ...
BRW 1999 3 1 0 0 0 374.27 0.42 30 71.323 -156.611 27.46 11.0 16.46 ...
BRW 1999 4 1 0 0 0 374.84 0.31 30 71.323 -156.611 27.46 11.0 16.46 ...
BRW 1999 5 1 0 0 0 375.09 0.37 30 71.323 -156.611 27.46 11.0 16.46 ...
BRW 1999 6 1 0 0 0 372.52 1.56 30 71.323 -156.611 27.46 11.0 16.46 ...
BRW 1999 7 1 0 0 0 362.76 1.84 25 71.323 -156.611 27.46 11.0 16.46 ...
BRW 1999 8 1 0 0 0 357.66 1.12 25 71.323 -156.611 27.46 11.0 16.46 ...
BRW 1999 9 1 0 0 0 359.84 1.48 28 71.323 -156.611 27.46 11.0 16.46 ...
BRW 1999 10 1 0 0 0 365.04 1.9 30 71.323 -156.611 27.46 11.0 16.46 ...
BRW 1999 11 1 0 0 0 370.5 1.28 28 71.323 -156.611 27.46 11.0 16.46 ...
BRW 1999 12 1 0 0 0 372.77 1.5 31 71.323 -156.611 27.46 11.0 16.46 ...
BRW 2000 1 1 0 0 0 375.05 1.24 27 71.323 -156.611 27.46 11.0 16.46 ...
BRW 2000 2 1 0 0 0 376.67 0.94 23 71.323 -156.611 27.46 11.0 16.46 ...
BRW 2000 3 1 0 0 0 374.73 0.57 31 71.323 -156.611 27.46 11.0 16.46 ...
BRW 2000 4 1 0 0 0 375.61 0.48 24 71.323 -156.611 27.46 11.0 16.46 ...
BRW 2000 5 1 0 0 0 376.17 0.51 30 71.323 -156.611 27.46 11.0 16.46 ...
BRW 2000 6 1 0 0 0 372.66 2.78 28 71.323 -156.611 27.46 11.0 16.46 ...
BRW 2000 7 1 0 0 0 365.77 3.38 26 71.323 -156.611 27.46 11.0 16.46 ...
BRW 2000 8 1 0 0 0 360.8 0.88 24 71.323 -156.611 27.46 11.0 16.46 ...
BRW 2000 9 1 0 0 0 363.28 1.85 29 71.323 -156.611 27.46 11.0 16.46 ...
BRW 2000 10 1 0 0 0 368.67 2.04 27 71.323 -156.611 27.46 11.0 16.46 ...
BRW 2000 11 1 0 0 0 371.41 1.58 29 71.323 -156.611 27.46 11.0 16.46 ...
BRW 2000 12 1 0 0 0 373.14 1.5 28 71.323 -156.611 27.46 11.0 16.46 ...
BRW 2001 1 1 0 0 0 375.84 1.53 29 71.323 -156.611 27.46 11.0 16.46 ...
BRW 2001 2 1 0 0 0 376.74 0.62 28 71.323 -156.611 27.46 11.0 16.46 ...
BRW 2001 3 1 0 0 0 376.47 0.4 31 71.323 -156.611 27.46 11.0 16.46 ...
BRW 2001 4 1 0 0 0 377.66 0.6 28 71.323 -156.611 27.46 11.0 16.46 ...
BRW 2001 5 1 0 0 0 377.62 0.46 31 71.323 -156.611 27.46 11.0 16.46 ...
BRW 2001 6 1 0 0 0 375.12 2.48 28 71.323 -156.611 27.46 11.0 16.46 ...
BRW 2001 7 1 0 0 0 368.44 2.46 24 71.323 -156.611 27.46 11.0 16.46 ...
BRW 2001 8 1 0 0 0 361.35 1.3 26 71.323 -156.611 27.46 11.0 16.46 ...
BRW 2001 9 1 0 0 0 363.77 1.87 24 71.323 -156.611 27.46 11.0 16.46 ...
BRW 2001 10 1 0 0 0 368.53 1.59 29 71.323 -156.611 27.46 11.0 16.46 ...
BRW 2001 11 1 0 0 0 374.07 1.45 27 71.323 -156.611 27.46 11.0 16.46 ...
BRW 2001 12 1 0 0 0 376.34 0.97 31 71.323 -156.611 27.46 11.0 16.46 ...
BRW 2002 1 1 0 0 0 378.31 1.44 30 71.323 -156.611 27.46 11.0 16.46 ...
BRW 2002 2 1 0 0 0 377.72 0.75 25 71.323 -156.611 27.46 11.0 16.46 ...
BRW 2002 3 1 0 0 0 378.41 0.54 30 71.323 -156.611 27.46 11.0 16.46 ...
BRW 2002 4 1 0 0 0 379.24 0.28 27 71.323 -156.611 27.46 11.0 16.46 ...
BRW 2002 5 1 0 0 0 379.32 0.67 27 71.323 -156.611 27.46 11.0 16.46 ...
BRW 2002 6 1 0 0 0 376.01 1.63 30 71.323 -156.611 27.46 11.0 16.46 ...
BRW 2002 7 1 0 0 0 369.62 3.79 29 71.323 -156.611 27.46 11.0 16.46 ...
BRW 2002 8 1 0 0 0 363.01 1.32 28 71.323 -156.611 27.46 11.0 16.46 ...
BRW 2002 9 1 0 0 0 366.1 2.03 22 71.323 -156.611 27.46 11.0 16.46 ...
BRW 2002 10 1 0 0 0 369.89 2.39 7 71.323 -156.611 27.46 11.0 16.46 ...
BRW 2002 11 1 0 0 0 NaN -99.99 0 71.323 -156.611 27.46 11.0 16.46 *..
BRW 2002 12 1 0 0 0 378.71 1.42 18 71.323 -156.611 27.46 11.0 16.46 ...
BRW 2003 1 1 0 0 0 378.96 0.67 31 71.323 -156.611 27.46 11.0 16.46 ...
BRW 2003 2 1 0 0 0 380.97 1.24 28 71.323 -156.611 27.46 11.0 16.46 ...
BRW 2003 3 1 0 0 0 381.35 0.7 30 71.323 -156.611 27.46 11.0 16.46 ...
BRW 2003 4 1 0 0 0 382.05 0.51 29 71.323 -156.611 27.46 11.0 16.46 ...
BRW 2003 5 1 0 0 0 382.1 0.39 31 71.323 -156.611 27.46 11.0 16.46 ...
BRW 2003 6 1 0 0 0 380.28 1.44 30 71.323 -156.611 27.46 11.0 16.46 ...
BRW 2003 7 1 0 0 0 372.58 2.02 17 71.323 -156.611 27.46 11.0 16.46 ...
BRW 2003 8 1 0 0 0 367.49 1.01 26 71.323 -156.611 27.46 11.0 16.46 ...
BRW 2003 9 1 0 0 0 369.26 2.17 26 71.323 -156.611 27.46 11.0 16.46 ...
BRW 2003 10 1 0 0 0 374.1 2.53 28 71.323 -156.611 27.46 11.0 16.46 ...
BRW 2003 11 1 0 0 0 378.85 1.49 28 71.323 -156.611 27.46 11.0 16.46 ...
BRW 2003 12 1 0 0 0 381.99 1.64 30 71.323 -156.611 27.46 11.0 16.46 ...
BRW 2004 1 1 0 0 0 382.29 1.16 30 71.323 -156.611 27.46 11.0 16.46 ...
BRW 2004 2 1 0 0 0 383.31 1.1 16 71.323 -156.611 27.46 11.0 16.46 ...
BRW 2004 3 1 0 0 0 382.44 0.45 31 71.323 -156.611 27.46 11.0 16.46 ...
BRW 2004 4 1 0 0 0 383.7 0.6 30 71.323 -156.611 27.46 11.0 16.46 ...
BRW 2004 5 1 0 0 0 384.01 0.63 27 71.323 -156.611 27.46 11.0 16.46 ...
BRW 2004 6 1 0 0 0 379.75 3.12 28 71.323 -156.611 27.46 11.0 16.46 ...
BRW 2004 7 1 0 0 0 373.53 2.69 25 71.323 -156.611 27.46 11.0 16.46 ...
BRW 2004 8 1 0 0 0 366.94 2.19 26 71.323 -156.611 27.46 11.0 16.46 ...
BRW 2004 9 1 0 0 0 369.42 1.95 29 71.323 -156.611 27.46 11.0 16.46 ...
BRW 2004 10 1 0 0 0 375.57 4.49 26 71.323 -156.611 27.46 11.0 16.46 ...
BRW 2004 11 1 0 0 0 380.51 2.38 27 71.323 -156.611 27.46 11.0 16.46 ...
BRW 2004 12 1 0 0 0 382.25 1.29 31 71.323 -156.611 27.46 11.0 16.46 ...
BRW 2005 1 1 0 0 0 384.98 1.78 31 71.323 -156.611 27.46 11.0 16.46 ...
BRW 2005 2 1 0 0 0 385.66 1.14 28 71.323 -156.611 27.46 11.0 16.46 ...
BRW 2005 3 1 0 0 0 384.89 0.58 31 71.323 -156.611 27.46 11.0 16.46 ...
BRW 2005 4 1 0 0 0 385.81 0.45 30 71.323 -156.611 27.46 11.0 16.46 ...
BRW 2005 5 1 0 0 0 385.21 0.53 30 71.323 -156.611 27.46 11.0 16.46 ...
BRW 2005 6 1 0 0 0 383.14 2.5 30 71.323 -156.611 27.46 11.0 16.46 ...
BRW 2005 7 1 0 0 0 376.32 2.93 31 71.323 -156.611 27.46 11.0 16.46 ...
BRW 2005 8 1 0 0 0 369.99 0.8 23 71.323 -156.611 27.46 11.0 16.46 ...
BRW 2005 9 1 0 0 0 372.06 2.21 28 71.323 -156.611 27.46 11.0 16.46 ...
BRW 2005 10 1 0 0 0 378.05 2.56 29 71.323 -156.611 27.46 11.0 16.46 ...
BRW 2005 11 1 0 0 0 381.81 1.6 30 71.323 -156.611 27.46 11.0 16.46 ...
BRW 2005 12 1 0 0 0 385.56 0.66 31 71.323 -156.611 27.46 11.0 16.46 ...